Platte:    Empire 2100S
BIOS:      
CPU:       Pentium 100
Board:     ASUS T2P4
Adapter:   

Kapazit„t: CHS=(255/255/63), 4096575 Sektoren = 2000 MByte
Dauertransferrate Lesen:     Mittel  4126.5, Min  2588.7, Max  5109.5 [KByte/s]

Detailergebnisse:
-----------------

Zonenmessung Lesen [KByte/s]:

4988.5
4820.4
5081.2
5070.8
5083.3
5071.4
4939.4
4948.9
5070.5
5071.1
5098.7
5079.5
4935.3
5072.8
5088.5
5065.8
5081.3
5071.4
4823.8
5070.2
4928.8
5105.3
5073.3
5079.7
4938.9
5089.4
5066.5
5070.1
5082.0
5070.4
5074.5
4939.8
4968.7
5072.6
5068.2
5082.3
5073.8
4949.9
5069.0
5071.1
5080.4
5064.3
5101.1
4937.2
5087.0
5069.6
5070.0
5084.7
5071.5
4947.8
5069.8
5084.7
4929.5
5091.6
5073.9
4823.6
5079.4
5069.8
5088.1
5070.8
5067.9
5084.1
4938.7
5071.5
5096.2
5070.6
5080.9
5069.0
4956.6
5066.3
5082.4
5069.1
5071.5
5074.9
4936.2
4970.7
5073.8
5080.1
4938.9
5074.6
4947.1
5070.8
5082.0
5070.7
5081.8
5071.2
4950.2
5083.4
5070.1
5081.1
5073.6
5083.5
5070.3
4938.2
5081.3
5063.9
5097.1
5069.6
5089.8
4939.6
5066.5
5088.0
5069.4
4277.3
4275.7
4814.2
5071.9
5098.3
5079.9
5069.9
5079.7
4813.5
5074.4
5079.8
5071.7
5081.0
5070.5
5076.4
4959.6
5060.6
5091.4
5068.8
5088.3
5067.4
4950.1
5070.3
5068.9
5076.9
5070.1
5099.2
4942.4
5082.2
5070.5
5076.7
5078.0
5071.6
4948.3
5071.0
5064.5
5088.5
5079.8
5086.3
4939.0
5080.0
5074.0
5071.2
5081.2
5071.0
5079.5
4932.7
5109.2
5058.6
4947.3
5078.7
5070.5
4953.6
5069.1
5083.9
5071.5
5066.5
5074.8
4964.8
5065.6
5082.2
5083.4
5068.9
5074.0
4949.4
5071.4
5081.2
5069.8
5062.2
5106.8
4927.0
5094.0
5069.8
5088.5
5066.2
5070.2
5082.1
4937.5
5074.4
5070.4
5100.6
5075.0
5071.2
4947.7
5077.5
5076.8
5070.5
5083.9
5070.2
4929.9
5101.8
5069.6
5085.4
5068.6
5083.4
4942.8
5068.6
5084.0
5069.7
5082.1
5062.2
5101.8
4934.0
5077.6
5082.4
5069.6
5084.8
5072.1
4937.1
5082.4
5070.6
5071.0
5099.7
5079.3
4938.4
5069.6
5087.5
5068.6
5080.2
5071.0
4949.2
5072.6
5061.5
4968.8
5074.3
5078.7
4938.0
5086.5
4938.7
5069.0
5082.5
5070.4
5074.9
4946.5
5094.9
5072.8
5068.7
5082.4
5073.4
4950.0
5070.6
5069.0
5081.5
5064.2
5101.1
4936.5
5085.7
5070.8
5071.1
5085.0
5069.8
4948.6
5070.3
5084.0
5062.6
5089.6
5073.6
4949.4
5079.1
5070.0
5088.0
5069.4
5068.5
5083.8
4938.6
5070.9
5096.5
5071.9
5081.3
5067.4
4957.5
5067.1
5080.3
5070.8
5070.4
5074.9
4936.0
5104.2
5074.1
4948.8
5069.5
5073.8
4949.2
5070.0
5080.7
5071.6
5082.0
5064.1
4956.2
5084.3
5071.2
5079.5
5074.8
5082.1
5070.9
4938.2
5081.6
4931.8
5099.7
5067.3
5090.7
4939.0
4935.6
5087.1
5070.7
5080.4
5071.7
4937.8
5072.9
5089.4
5077.6
5081.0
5078.9
4938.2
5074.8
5081.5
5069.8
5081.3
5069.3
5078.0
4959.6
4929.7
5089.8
5070.2
5087.0
5067.6
4826.4
5070.7
5067.1
5076.9
5070.3
5098.6
4943.6
5081.9
5069.5
5076.0
5079.3
5070.6
4949.6
5070.1
5070.3
5082.9
5079.5
5086.5
4938.6
5081.1
5073.0
5071.9
5079.4
4940.1
5079.8
4931.9
5109.5
5059.0
5078.5
5080.5
4813.2
4953.7
5069.6
5084.0
5070.2
4935.2
5075.7
4964.6
4935.1
5080.7
5081.6
5070.3
5073.6
4950.7
4917.9
4803.2
4838.3
4804.6
4702.4
4817.2
4702.0
4811.3
4804.3
4835.2
4687.1
4824.6
4817.9
4823.6
4808.3
4803.6
4714.5
4687.8
4704.2
4816.4
4806.0
4824.5
4807.3
4835.5
4805.4
4814.1
4828.1
4796.8
4712.6
4807.6
4713.0
4808.6
4815.6
4824.0
4799.5
4831.4
4805.5
4836.2
4804.5
4702.5
4820.5
4805.2
4705.4
4806.7
4834.3
4806.0
4817.3
4823.7
4805.1
4824.7
4807.4
4714.8
4806.1
4797.1
4724.7
4803.4
4824.1
4807.3
4835.0
4806.6
4797.7
4839.9
4809.0
4704.5
4806.9
4706.1
4815.1
4798.3
4840.6
4807.4
4676.7
4475.4
4597.2
4496.1
4485.6
4596.9
4585.3
4369.8
4599.2
4607.1
4594.3
4595.2
4597.2
4568.2
4493.3
4596.3
4605.5
4486.4
4487.0
4481.5
4583.7
4594.4
4496.3
4596.0
4593.3
4596.3
4462.1
4602.1
4597.9
4494.3
4487.7
4595.8
4586.1
4584.9
4485.7
4607.2
4592.7
4597.2
4587.2
4476.5
4486.3
4488.5
4605.1
4594.8
4596.7
4462.7
4601.1
4594.0
4498.4
4592.8
4596.6
4482.6
4472.2
4597.7
4595.9
4604.1
4595.0
4595.5
4569.8
4493.0
4595.3
4607.1
4483.8
4489.2
4478.1
4583.5
4596.4
4413.0
4421.1
4399.1
4427.1
4401.7
4410.7
4406.9
4400.4
4418.1
4401.5
4411.1
4409.6
4399.6
4417.9
4400.2
4421.5
4399.4
4399.9
4419.3
4400.0
4419.6
4399.9
4399.2
4420.1
4401.0
4419.0
4400.6
4398.9
4419.1
4399.8
4420.7
4400.9
4393.8
4433.5
4400.4
4420.0
4399.3
4395.1
4423.0
4401.7
4419.9
4399.9
4409.3
4409.8
4399.7
4420.7
4400.6
4414.0
4405.8
4298.3
4419.9
4399.4
4415.0
4407.3
4398.9
4418.0
4400.6
4410.7
4409.3
4399.7
4420.1
4399.8
4429.3
4400.4
4271.7
4304.4
4282.5
4299.6
4294.9
4293.9
4301.4
4283.1
4313.2
4185.3
4217.1
4194.3
4308.7
4287.3
4308.3
4191.4
4303.1
4292.4
4208.4
4289.6
4309.1
4101.8
4212.5
4287.6
4308.6
4278.8
4303.3
4289.6
4308.2
4288.8
4298.8
4200.9
4297.4
4201.8
4281.9
4313.7
4188.4
4312.8
4287.1
4303.6
4291.6
4309.0
4191.1
4212.6
4287.9
4308.1
4286.4
4308.8
4277.7
4308.7
4286.1
4308.3
4192.6
4308.3
4192.1
4308.2
4285.9
4300.0
4294.9
4297.9
4297.8
4282.4
4216.5
3769.1
3646.4
3736.6
3728.6
3646.8
3741.3
3725.1
3733.1
3585.8
3723.9
3740.6
3578.7
3736.0
3729.1
3646.2
3742.0
3725.0
3732.4
3654.6
3724.7
3740.4
3647.4
3735.8
3728.6
3647.1
3741.0
3725.1
3732.8
3654.3
3724.6
3741.2
3646.4
3736.3
3728.1
3647.3
3740.9
3724.6
3734.0
3654.2
3724.5
3740.8
3647.2
3736.0
3729.1
3646.2
3741.2
3725.3
3733.1
3654.5
3724.5
3740.5
3647.2
3735.5
3729.4
3646.9
3741.0
3725.2
3667.7
3742.7
3735.2
3741.2
3664.3
3669.1
3735.8
3741.9
3735.5
3670.8
3735.2
3742.0
3735.8
3741.8
3663.6
3741.9
3735.3
3742.5
3750.6
3671.5
3741.6
3735.7
3742.6
3662.9
3742.4
3735.6
3742.3
3735.6
3669.3
3735.9
3742.5
3735.0
3670.2
3735.7
3742.2
3735.8
3741.8
3663.2
3743.4
3735.2
3738.7
3663.3
3746.3
3742.1
3751.5
3734.9
3669.9
3735.6
3742.5
3735.7
3742.0
3663.5
3742.5
3735.6
3742.4
3492.3
3427.3
3560.4
3471.0
3557.9
3559.7
3554.3
3426.3
3560.6
3418.4
3547.1
3554.2
3494.7
3553.8
3554.1
3560.4
3412.1
3553.6
3494.7
3554.5
3488.0
3560.5
3546.9
3547.4
3559.5
3426.7
3553.9
3431.2
3554.8
3536.3
3563.6
3552.5
3554.6
3432.9
3552.6
3482.7
3482.2
3494.3
3488.1
3555.2
3560.1
3552.7
3409.7
3564.1
3426.0
3553.5
3495.0
3554.4
3546.0
3552.8
3555.1
3221.0
3254.9
3250.5
3203.9
3204.4
3258.6
3204.3
3189.2
3207.8
3258.8
3258.8
3203.4
3199.9
3251.4
3204.3
3204.2
3203.8
3258.1
3243.4
3207.9
3203.5
3258.9
3203.8
3199.7
3196.5
3259.6
3258.7
3204.2
3203.4
3246.1
3204.6
3203.0
3204.6
3258.3
3254.8
3196.7
3204.4
3259.1
3203.8
3203.5
3189.8
3262.4
3258.8
3258.8
3203.8
3253.5
3192.0
3150.5
3024.0
3023.6
3023.9
3019.8
3024.7
3024.6
3013.4
3019.1
3023.9
3024.8
3024.5
2972.0
3024.6
3024.1
3024.7
3019.3
3014.5
3021.5
3026.9
3019.8
3023.7
3024.4
3024.5
3019.6
3024.0
3024.2
3019.4
2964.9
3027.0
3023.4
3019.9
3024.4
3023.7
3024.4
3019.5
3024.8
3024.1
3013.6
3019.2
3024.0
3024.7
3024.5
2971.5
3024.4
2933.4
2805.1
2851.6
2847.2
2804.0
2852.3
2847.3
2850.7
2797.2
2846.2
2851.6
2805.1
2851.5
2846.8
2847.7
2808.7
2847.2
2851.4
2800.3
2840.9
2853.1
2847.3
2809.1
2847.5
2851.3
2805.7
2846.2
2851.9
2843.6
2804.4
2846.9
2845.8
2809.9
2847.0
2851.1
2847.3
2805.1
2851.2
2847.1
2807.0
2838.9
2806.9
2626.1
2626.4
2628.9
2589.1
2664.8
2624.5
2624.6
2624.9
2624.4
2588.8
2661.9
2665.5
2588.7
2624.6
2661.5
2624.6
2625.0
2659.1
2626.2
2629.2
2624.9
2628.1
2628.7
2661.2
2660.8
2589.3
2624.9
2661.9
2624.1
2588.9
2661.5
2624.5
2624.6
2624.9
2628.3

Testbeginn:  07.08.96  14:47:23
Testversion: $Id: h2bench.c,v 2.1 1996/08/12 10:16:09 hwb Rel $
